7.70902e-07
8.36837e-06
6.15135e-05
0.000334816
0.0014385
0.00511288
0.015572
0.0417286
0.100197
0.216705
0.412874
0.655048
0.842889
0.937488
0.975519
0.990035
0.995718
0.998056
0.99907
0.999533
0.999756
0.999867
0.999925
0.999956
0.999974
0.999984
0.99999
0.999993
0.999996
0.999997
0.999998
0.999999
0.999999
0.999999
0.999999
1
1
1
1
1
1
1
1
1
1
1
1
1
1
1
1
1
1
1
1
1
1
1
1
1
1
1
1
1
1
1
1
1
1
1
1
1
1
1
1
1
1
1
1
1
1
1
1
1
1
1
1
1
1
1
1
1
1
1
1
1
1
1
1
1
1
1
1
1
1
1
1
1
1
1
1
1
1
1
1
1
1
1
1
1
1
1
1
1
1
1
1
1
1
1
1
1
1
1
1
1
1
1
1
1
1
1
1
1
1
1
1
1
1
1
1
1
1
1
1
1
1
1
1
1
1
1
1
1
1
1
1
1
1
1
1
1
1
1
1
1
1
1
1
1
1
1
1
1
1
1
1
1
1
1
1
