3.14651e-35
1.41148e-31
1.57099e-28
5.98093e-26
9.79706e-24
8.17051e-22
3.93613e-20
1.20645e-18
2.53634e-17
3.88101e-16
4.53265e-15
4.19891e-14
3.18399e-13
2.02842e-12
1.10947e-11
5.30593e-11
2.25317e-10
8.60846e-10
2.99261e-09
9.55853e-09
2.82884e-08
7.81433e-08
2.02784e-07
4.97148e-07
1.15722e-06
2.56889e-06
5.45981e-06
1.1149e-05
2.19426e-05
4.17398e-05
7.6936e-05
0.000137727
0.000239947
0.000407607
0.000676294
0.00109768
0.00174534
0.00272217
0.00416964
0.0062792
0.00930615
0.0135861
0.0195542
0.0277671
0.0389272
0.0539064
0.0737662
0.0997648
0.133333
0.175988
0.229135
0.2937
0.369554
0.454841
0.545532
0.635753
0.71916
0.790813
0.848418
0.892284
0.924367
0.947199
0.963179
0.974267
0.981938
0.98725
0.990941
0.993518
0.995329
0.996609
0.997521
0.998175
0.998647
0.99899
0.999241
0.999426
0.999563
0.999666
0.999743
0.999801
0.999845
0.999879
0.999905
0.999925
0.99994
0.999952
0.999962
0.999969
0.999975
0.99998
0.999984
0.999987
0.999989
0.999991
0.999992
0.999994
0.999995
0.999996
0.999996
0.999997
0.999997
0.999998
0.999998
0.999998
0.999999
0.999999
0.999999
0.999999
0.999999
0.999999
0.999999
1
1
1
1
1
1
1
1
1
1
1
1
1
1
1
1
1
1
1
1
1
1
1
1
1
1
1
1
1
1
1
1
1
1
1
1
1
1
1
1
1
1
1
1
1
1
1
1
1
1
1
1
1
1
1
1
1
1
1
1
1
1
1
1
1
1
1
1
1
1
1
1
1
1
1
1
1
1
1
1
