5.97211e-09
6.48291e-08
4.7654e-07
2.59379e-06
1.1144e-05
3.96095e-05
0.00012065
0.00032355
0.000780143
0.00171966
0.00351179
0.00671609
0.0121352
0.0208685
0.0343641
0.0544644
0.0834457
0.124048
0.179493
0.2535
0.350276
0.474515
0.631375
0.826455
1.06576
1.35567
1.7029
2.11444
2.59755
3.15967
3.80841
4.55151
5.39675
6.35199
7.42504
8.62373
9.95577
11.4288
13.0504
14.8278
16.7684
18.8791
21.1667
23.6379
26.2991
29.1564
32.2157
35.4828
38.963
42.6615
46.5833
50.733
55.1151
59.7337
64.5927
69.6959
75.0467
80.6482
86.5036
92.6155
98.9865
105.619
112.515
119.676
127.105
134.803
142.77
151.009
159.521
168.306
177.365
186.698
196.306
206.19
216.349
226.784
237.495
248.48
259.741
271.276
283.086
295.169
307.525
320.154
333.054
346.224
359.664
373.372
387.348
401.59
416.098
